+---------+----------+---------+-----------+-----------+
|  Nodes  |   ADD    |   MUL   |    FMA    |    flop   |
+---------+----------+---------+-----------+-----------+
|  160801 | 9429839  |  160813 |  18787732 |  47166116 |
|  811801 | 48385174 |  882998 | 111132243 | 271532658 |
|   2601  |  162037  |   2601  |   174412  |   513462  |
|  10201  |  634086  |  10201  |   837636  |  2319559  |
|  251001 | 14952435 |  251015 |  30043918 |  75291286 |
|  90601  | 5299841  |  90601  |  9863867  |  25118176 |
|   121   |   7978   |   121   |    4421   |   16941   |
|  641601 | 38151331 |  641626 |  85408870 | 209610697 |
|  491401 | 29735870 |  491405 |  63471087 | 157169449 |
|  361201 | 21264993 |  361202 |  45572058 | 112770311 |
| 1002001 | 60089691 | 1390096 | 139027356 | 339534499 |
|  40401  | 2415957  |  40401  |  4078461  |  10613280 |
+---------+----------+---------+-----------+-----------+
