+---------+----------+---------+-----------+-----------+
|  Nodes  |   ADD    |   MUL   |    FMA    |    flop   |
+---------+----------+---------+-----------+-----------+
|  160801 | 9449787  |  321614 |  19904450 |  49580301 |
|  811801 | 48450881 | 1694799 | 116757094 | 283659868 |
|   2601  |  162037  |   5202  |   192619  |   552477  |
|  10201  |  634086  |  20402  |   909043  |  2472574  |
|  251001 | 14978337 |  502016 |  31787715 |  79055783 |
|  90601  | 5299841  |  181202 |  10498074 |  26477191 |
|   121   |   7978   |   242   |    5268   |   18756   |
|  641601 | 38191132 | 1283227 |  89865861 | 219206081 |
|  491401 | 29770690 |  982806 |  66904161 | 164561818 |
|  361201 | 21298818 |  722403 |  48097173 | 118215567 |
| 1002001 | 60230205 | 2392097 | 145989612 | 354601526 |
|  40401  | 2415957  |  80802  |  4361268  |  11219295 |
+---------+----------+---------+-----------+-----------+
