+---------+----------+---------+-----------+-----------+
|  Nodes  |   ADD    |   MUL   |    FMA    |    flop   |
+---------+----------+---------+-----------+-----------+
|  160801 | 8837345  |  160803 |  18379315 |  45756778 |
|  811801 | 44738541 |  811815 | 107907648 | 261365652 |
|   2601  |  146256  |   2601  |   178350  |   505557  |
|  10201  |  564802  |  10201  |   848570  |  2272143  |
|  251001 | 13784328 |  251007 |  29862716 |  73760767 |
|  90601  | 4979440  |  90607  |  9881412  |  24832871 |
|   121   |   7667   |   121   |    3951   |   15690   |
|  641601 | 35386954 |  728446 |  83547463 | 203210326 |
|  491401 | 27046806 |  491411 |  62589332 | 152716881 |
|  361201 | 19837434 |  361223 |  43885874 | 107970405 |
| 1002001 | 55334751 | 1191433 | 134675938 | 325878060 |
|  40401  | 2217009  |  40401  |  3957001  |  10171412 |
+---------+----------+---------+-----------+-----------+
