+---------+-----+----------+-----------+------------+
|  Nodes  | ADD |   MUL    |    FMA    |    flop    |
+---------+-----+----------+-----------+------------+
|  160801 |  0  | 10736128 |  75270400 | 161276928  |
|  811801 |  0  | 54216704 | 380104704 | 814426112  |
|   2601  |  0  |  177920  |  1246976  |  2671872   |
|  10201  |  0  |  682240  |  4781056  |  10244352  |
|  251001 |  0  | 16743424 | 117380096 | 251503616  |
|  90601  |  0  | 6047744  |  42396672 |  90841088  |
|   121   |  0  |   9728   |   68096   |   145920   |
|  641601 |  0  | 42876416 | 300616448 | 644109312  |
|  491401 |  0  | 32803328 | 229975040 | 492753408  |
|  361201 |  0  | 24124672 | 169142272 | 362409216  |
| 1002001 |  0  | 66947840 | 469381376 | 1005710592 |
|  40401  |  0  | 2696960  |  18907392 |  40511744  |
+---------+-----+----------+-----------+------------+
