+---------+-----------+----------+-----------+------------+
|  Nodes  |    ADD    |   MUL    |    FMA    |    flop    |
+---------+-----------+----------+-----------+------------+
|  160801 |  20582528 | 10612896 |  93616058 | 218427540  |
|  811801 | 103910528 | 53578880 | 487560410 | 1132610228 |
|   2601  |   332928  |  171680  |  1441530  |  3387668   |
|  10201  |  1305728  |  673280  |  5705434  |  13389876  |
|  251001 |  32128128 | 16566080 | 147510122 | 343714452  |
|  90601  |  11596928 | 5979680  |  52112522 | 121801652  |
|   121   |   15488   |   8000   |   67034   |   157556   |
|  641601 |  82124928 | 42345696 | 382416874 | 889304372  |
|  491401 |  62899328 | 32432480 | 292449626 | 680231060  |
|  361201 |  46233728 | 23839296 | 213393978 | 496860980  |
| 1002001 | 128256128 | 66132096 | 606277738 | 1406943700 |
|  40401  |  5171328  | 2666496  |  22961226 |  53760276  |
+---------+-----------+----------+-----------+------------+
