+---------+-----------+----------+-------------+-------------+
|  Nodes  |    ADD    |   MUL    |     FMA     |     flop    |
+---------+-----------+----------+-------------+-------------+
|  160801 | 102658111 | 9678494  |  852477810  |  1817292225 |
|  811801 | 848021864 | 57789073 |  9392235736 | 19690282409 |
|   2601  |   701916  |  65505   |   3168876   |   7105173   |
|  10201  |  3404500  |  329031  |   16648235  |   37030001  |
|  251001 | 185633988 | 15678100 |  1640297555 |  3481907198 |
|  90601  |  49723894 | 4133572  |  341338901  |  736535268  |
|   121   |   22544   |   1528   |    90183    |    204438   |
|  641601 | 601508679 | 41176887 |  6340410590 | 13323506746 |
|  491401 | 438750490 | 31497935 |  4464194932 |  9398638289 |
|  361201 | 298466692 | 23242886 |  2873027793 |  6067765164 |
| 1002001 | 995473135 | 84025453 | 10835604556 | 22750707700 |
|  40401  |  18376992 | 1663834  |  109835526  |  239711878  |
+---------+-----------+----------+-------------+-------------+
