+---------+------------+----------+-------------+-------------+
|  Nodes  |    ADD     |   MUL    |     FMA     |     flop    |
+---------+------------+----------+-------------+-------------+
|  160801 | 116904112  | 8259359  |  1898912565 |  3922988601 |
|  811801 | 1155676690 | 49186523 | 19993458161 | 41191779535 |
|   2601  |   469140   |  60314   |   5105410   |   10740274  |
|  10201  |  2756190   |  310751  |   32690777  |   68448495  |
|  251001 | 213506596  | 13323997 |  3549244627 |  7325319847 |
|  90601  |  53214864  | 4386003  |  842698497  |  1742997861 |
|   121   |    8116    |   1068   |    123832   |    256848   |
|  641601 | 781933839  | 43531023 | 13739419907 | 28304304676 |
|  491401 | 565263797  | 28101189 |  9492005805 | 19577376596 |
|  361201 | 342520130  | 19721680 |  5730213936 | 11822669682 |
| 1002001 | 1378368031 | 72891335 | 23950717057 | 49352693480 |
|  40401  |  17285038  | 1536568  |  226916494  |  472654594  |
+---------+------------+----------+-------------+-------------+
