+---------+-----+---------+---------+----------+
|  Nodes  | ADD |   MUL   |   FMA   |   flop   |
+---------+-----+---------+---------+----------+
|  160801 |  0  |  304128 | 2216448 | 4737024  |
|  811801 |  0  | 1011968 | 7524608 | 16061184 |
|   2601  |  0  |  135168 |  947456 | 2030080  |
|  10201  |  0  |  79104  |  558848 | 1196800  |
|  251001 |  0  |  426752 | 3135488 | 6697728  |
|  90601  |  0  |  251136 | 1818368 | 3887872  |
|   121   |  0  |   8192  |  57344  |  122880  |
|  641601 |  0  |  867072 | 6437888 | 13742848 |
|  491401 |  0  |  715520 | 5301248 | 11318016 |
|  361201 |  0  |  565504 | 4176128 | 8917760  |
| 1002001 |  0  | 1172736 | 8730368 | 18633472 |
|  40401  |  0  |  128256 |  921344 | 1970944  |
+---------+-----+---------+---------+----------+
