+---------+------------+----------+-------------+-------------+
|  Nodes  |    ADD     |   MUL    |     FMA     |     flop    |
+---------+------------+----------+-------------+-------------+
|  160801 | 112343349  | 7928773  |  1607902985 |  3336078092 |
|  811801 | 1117807325 | 53769227 | 18374042067 | 37919660686 |
|   2601  |   454886   |  57736   |   4551676   |   9615974   |
|  10201  |  2715694   |  297948  |   27513522  |   58040686  |
|  251001 | 211241247  | 13279775 |  3125116907 |  6474754836 |
|  90601  |  54193063  | 3837205  |  630075581  |  1318181430 |
|   121   |    8355    |   1173   |    104795   |    219118   |
|  641601 | 776838774  | 36699612 | 12278898194 | 25371334774 |
|  491401 | 552170692  | 27729072 |  8619773212 | 17819446188 |
|  361201 | 354918133  | 20008790 |  5521662773 | 11418252469 |
| 1002001 | 1298445272 | 86385256 | 21627421638 | 44639673804 |
|  40401  |  18180596  | 1535893  |  196798741  |  413313971  |
+---------+------------+----------+-------------+-------------+
