+---------+-----------+----------+-----------+------------+
|  Nodes  |    ADD    |   MUL    |    FMA    |    flop    |
+---------+-----------+----------+-----------+------------+
|  160801 |  20582528 | 10612896 |  94186506 | 219568436  |
|  811801 | 103910528 | 53578880 | 490185098 | 1137859604 |
|   2601  |   332928  |  171680  |  1441002  |  3386612   |
|  10201  |  1305728  |  673280  |  5712394  |  13403796  |
|  251001 |  32128128 | 16566080 | 148019354 | 344732916  |
|  90601  |  11596928 | 5979680  |  52504266 | 122585140  |
|   121   |   15488   |   8000   |   67034   |   157556   |
|  641601 |  82124928 | 42345696 | 385713002 | 895896628  |
|  491401 |  62899328 | 32432480 | 293789898 | 682911604  |
|  361201 |  46233728 | 23839296 | 214027418 | 498127860  |
| 1002001 | 128256128 | 66132096 | 606720810 | 1407829844 |
|  40401  |  5171328  | 2666496  |  23043162 |  53924148  |
+---------+-----------+----------+-----------+------------+
