+---------+-----------+----------+-----------+------------+
|  Nodes  |    ADD    |   MUL    |    FMA    |    flop    |
+---------+-----------+----------+-----------+------------+
|  160801 |  20582528 | 10612896 |  98532106 | 228259636  |
|  811801 | 103910528 | 53578880 | 523432570 | 1204354548 |
|   2601  |   332928  |  171680  |  1449498  |  3403604   |
|  10201  |  1305728  |  673280  |  5788234  |  13555476  |
|  251001 |  32128128 | 16566080 | 156233978 | 361162164  |
|  90601  |  11596928 | 5979680  |  54410906 | 126398420  |
|   121   |   15488   |   8000   |   67034   |   157556   |
|  641601 |  82124928 | 42345696 | 410165178 | 944800980  |
|  491401 |  62899328 | 32432480 | 311037898 | 717407604  |
|  361201 |  46233728 | 23839296 | 226494474 | 523061972  |
| 1002001 | 128256128 | 66132096 | 655971402 | 1506331028 |
|  40401  |  5171328  | 2666496  |  23790026 |  55417876  |
+---------+-----------+----------+-----------+------------+
