+---------+-----------+----------+-----------+------------+
|  Nodes  |    ADD    |   MUL    |    FMA    |    flop    |
+---------+-----------+----------+-----------+------------+
|  160801 |  20582528 | 10612896 |  97788650 | 226772724  |
|  811801 | 103910528 | 53578880 | 520481386 | 1198452180 |
|   2601  |   332928  |  171680  |  1443466  |  3391540   |
|  10201  |  1305728  |  673280  |  5720010  |  13419028  |
|  251001 |  32128128 | 16566080 | 154938858 | 358571924  |
|  90601  |  11596928 | 5979680  |  53666730 | 124910068  |
|   121   |   15488   |   8000   |   67034   |   157556   |
|  641601 |  82124928 | 42345696 | 407995114 | 940460852  |
|  491401 |  62899328 | 32432480 | 308327594 | 711986996  |
|  361201 |  46233728 | 23839296 | 225641770 | 521356564  |
| 1002001 | 128256128 | 66132096 | 644398986 | 1483186196 |
|  40401  |  5171328  | 2666496  |  23425290 |  54688404  |
+---------+-----------+----------+-----------+------------+
