+---------+-----------+----------+-----------+------------+
|  Nodes  |    ADD    |   MUL    |    FMA    |    flop    |
+---------+-----------+----------+-----------+------------+
|  160801 |  20582528 | 10612896 | 100898218 | 232991860  |
|  811801 | 103910528 | 53578880 | 536117898 | 1229725204 |
|   2601  |   332928  |  171680  |  1446650  |  3397908   |
|  10201  |  1305728  |  673280  |  5793418  |  13565844  |
|  251001 |  32128128 | 16566080 | 158113578 | 364921364  |
|  90601  |  11596928 | 5979680  |  55066538 | 127709684  |
|   121   |   15488   |   8000   |   67034   |   157556   |
|  641601 |  82124928 | 42345696 | 417711786 | 959894196  |
|  491401 |  62899328 | 32432480 | 313807914 | 722947636  |
|  361201 |  46233728 | 23839296 | 229635978 | 529344980  |
| 1002001 | 128256128 | 66132096 | 662260618 | 1518909460 |
|  40401  |  5171328  | 2666496  |  24049930 |  55937684  |
+---------+-----------+----------+-----------+------------+
